[[6.69554536 6.53574951 6.55040719 6.92092293 6.6491027  6.66270414
  6.5587277 ]
 [0.         0.         0.         0.         0.         0.
  0.        ]
 [0.         0.2        0.3197658  0.218      0.21962    0.
  0.        ]
 [0.06473401 0.13094532 0.05265127 0.17272484 0.08878838 0.26305541
  0.21818491]
 [0.         0.         0.         0.         0.         0.
  0.        ]
 [3.5066657  3.06796221 3.10004197 3.26650002 3.3457688  3.63714971
  3.52048071]]
[[7.70436198 7.48892385 7.83275935 7.45023652 7.41925062 7.20567176
  7.60531252]
 [0.         0.         0.         0.         0.         0.
  0.        ]
 [0.         0.2        0.3197658  0.218      0.21962    0.
  0.        ]
 [0.36997159 0.36260455 0.36985768 0.3109533  0.27818829 0.39772687
  0.33894036]
 [0.         0.         0.         0.3        0.         0.
  0.        ]
 [3.69477572 4.11012688 3.74775828 3.52000448 3.59206958 3.5070132
  3.44831649]]
[[12.2350422  12.08528111 12.22703443 12.33275405 12.34960913 12.05627721
  12.24957197]
 [ 0.          0.          0.          0.          0.          0.
   0.        ]
 [ 0.          0.50877892  0.63357932  0.218       0.55468014  0.15702214
   0.        ]
 [ 0.27113551  0.446845    0.26380077  0.24130966  0.32727971  0.31522289
   0.2947489 ]
 [ 0.          0.          0.          0.497       0.          0.227
   0.        ]
 [ 4.74941863  4.92071456  4.72809999  4.92440002  4.91453421  5.35750453
   4.3934806 ]]
